-88
-100
-77
75
-78
-52
-99
30
-81
-3
-50
58
-79
77
-28
80
-1
4
28
93
-67
83
47
36
-26
52
-62
-65
86
74
-76
100
72
83
26
-77
54
-23
47
85
85
-82
83
-38
-73
34
46
26
-96
-43
-70
44
76
-99
29
71
8
17
91
-97
-66
31
76
-21
-71
20
63
-5
-81
-42
88
-22
37
7
25
-68
-75
-2
-75
89
-22
-97
-9
20
53
89
-43
-21
23
-34
-11
11
68
-67
88
-92
-23
60
-15
7
56
84
35
-32
-28
30
50
-66
-56
10
-76
-60
55
-35
71
-27
-19
-42
-37
99
-36
-9
55
-95
-35
34
-89
-38
99
13
52
-47
-93
-77
47
-56
-72
5
-64
89
-59
87
-81
68
83
-52
10
96
31
13
56
29
57
-70
-3
-14
42
-46
-35
95
34
-60
-26
-29
55
-17
-40
-6
49
-33
54
8
-81
85
-88
76
-14
47
-80
38
74
-61
-79
8
-25
98
-70
-64
-25
-42
-14
38
-68
-6
0
41
17
5
29
-97
12
-79
-29
-21
25
69
-22
-3
-35
-40
-5
53
-72
-35
-50
10
-47
40
-50
8
64
10
12
92
-66
94
0
86
3
24
83
-95
-81
-30
-58
85
144
119
135
-43
-33
46
121
-30
135
131
82
-48
-16
103
-18
-6
64
-4
-38
81
-38
79
-47
141
-14
133
27
-10
-87
-115
-51
41
-40
4
-86
-124
-90
-31
-21
-152
-10
-140
18
-30
13
14
59
121
-43
51
-35
-8
121
30
32
53
71
68
25
1
-65
-76
-11
-5
-85
32
-121
22
-100
-19
-14
-38
-53
5
24
-61
107
4
62
125
-47
1
49
109
-34
78
137
73
-45
-7
87
2
-30
-65
-104
-27
-104
-103
9
-75
37
43
-107
-78
-100
-78
-32
-139
-34
28
8
-88
-84
-30
20
-102
-2
-101
-146
-73
-21
51
15
-65
-16
140
155
81
-10
-72
-22
-44
99
67
-16
34
58
79
68
-61
71
-48
58
-56
-7
32
39
-30
82
8
0
2
-42
66
48
-82
98
33
40
61
-86
-32
-59
-38
19
-100
84
72
85
-73
-90
27
1
73
67
23
80
53
77
-6
48
-18
58
32
-74
15
-70
-87
-15
-50
-44
33
70
-88
59
-17
-35
-28
-79
-55
-60
93
-66
-24
72
88
-35
-66
-92
63
92
-91
-88
-97
73
-2
-20
91
75
79
-52
19
53
9
15
-32
23
-67
-33
100
-32
-25
97
-6
52
21
-73
-36
13
-77
9
88
66
-34
10
77
-63
100
-96
-53
-100
70
87
-83
-86
-55
0
45
-47
-80
-72
-36
-60
88
91
-33
42
63
-59
27
-98
38
-18
32
-10
41
-90
-47
13
-26
-84
-49
-87
23
38
-49
28
-64
0
13
-41
-14
-83
11
-86
4
-94
-44
-69
-27
-72
-96
46
32
-27
54
-58
-56
-43
18
31
-97
97
10
-68
-93
-3
-72
-86
-40
76
16
78
85
-51
48
-4
-67
21
-90
72
-24
-17
96
-19
54
13
31
-20
64
76
-14
-49
-65
-34
83
-91
-44
11
-83
69
-65
-8
-55
-38
-87
72
-36
98
42
72
57
59
-32
