-880
-1968
-2838
-1901
-1866
-1205
-1047
239
240
922
1201
2835
3063
4474
4628
5806
5981
5972
5912
6443
5346
5616
5568
5498
4730
4520
3171
1889
2051
2571
2183
3411
4159
4976
4872
2991
1523
-945
-2629
-3358
-3252
-4670
-5009
-7343
-10061
-11296
-11748
-11707
-12419
-12828
-13446
-12476
-10347
-8860
-6091
-3415
-1787
-321
1795
2246
2884
3217
3452
3525
3335
3837
4846
5193
4180
2943
3150
2274
1401
149
-394
-1848
-3805
-4394
-4854
-3991
-4091
-4296
-3843
-3603
-2951
-1711
-1797
-1506
-367
289
887
1718
3654
4169
5416
4625
4461
4740
4392
4791
5849
7077
7695
6714
4331
1793
-246
-2488
-3995
-4095
-4802
-5769
-5942
-6486
-5223
-5395
-6385
-8488
-10860
-10981
-10432
-8216
-5716
-6099
-7054
-7994
-9530
-9506
-6267
-3134
-156
118
1271
2660
5726
6089
7338
8028
8752
10740
13008
14929
15075
14782
14284
11701
9803
8487
8467
6221
4736
3524
2974
773
626
193
-914
-2296
-1390
-1268
-1021
-995
-930
-224
136
1000
1027
523
511
612
-629
-559
-639
-85
-2078
-2225
-1850
-2077
-2612
-2852
-3316
-3347
-4837
-5426
-5403
-3359
-2896
-872
940
980
484
1353
1495
2141
2183
3088
4609
5435
4671
3094
1931
-4
-1723
-2076
-1736
-1083
41
-3
728
1172
693
601
-609
-1633
-1075
782
1782
4340
5979
7746
9365
11327
11076
12183
9851
8024
6021
5262
3690
2463
1994
-241
-2845
-5703
-8759
-8684
-7544
-6647
-4758
-4629
-5650
-5795
-6310
-7144
-5897
-4322
-2867
-4255
-5475
-6367
-8742
-9138
-8509
-8595
-7702
-7090
-9773
-10054
-11451
-9486
-8453
-5875
-5894
-5821
-5924
-6683
-6195
-6352
-6356
-7447
-7735
-8820
-8303
-5147
-2139
-1818
-91
-375
99
1132
2338
4630
6378
8694
9558
12011
13281
12166
10615
8340
6152
5775
5433
6125
7109
6601
5285
4951
4300
3613
1674
-1193
-4027
-5918
-5876
-4383
-1800
-2272
-4497
-5494
-6525
-8365
-8476
-11175
-11705
-10669
-9944
-7751
-4905
-2757
-2483
-2998
-2808
-1842
-1181
167
2679
5325
6737
9021
10603
10945
7709
2875
-175
-2671
-1543
1467
2282
390
-2035
-5635
-8587
-12069
-13055
-13811
-14007
-14083
-13024
-9734
-4727
-1693
2982
4229
6163
8503
12917
19372
25868
33092
40230
47746
54547
56703
54417
48419
39987
32528
27787
24127
19820
17248
12488
6775
787
-5561
-11168
-19231
-24527
-28974
-31188
-29580
-25406
-22536
-17842
-16182
-13927
-14026
-13254
-12712
-11035
-9577
-5025
-6
4305
6402
6328
4879
3469
2599
2537
887
322
1453
2151
2907
1703
1214
-422
-1845
-3072
-4287
-3359
-3758
-3750
-4807
-6577
-7425
-6426
-6029
-7201
-8188
-10061
-11688
-11067
-9391
-7800
-5147
-1099
411
4905
6508
8001
6859
3983
1566
698
2854
5061
9041
10932
12539
10985
7340
4616
2913
969
-3109
-4450
-5331
-4182
-2446
-186
1423
307
-1468
-4585
-6857
-8041
-9644
-9907
-9802
-9118
-7790
-8224
-9165
-10579
-12540
-12850
-13531
-13493
-12117
-12405
-12688
-12193
-11557
-9363
-6300
-4051
-2293
-1538
977
2965
6095
6640
6488
5433
6710
8498
8053
7481
7311
7604
8095
7481
7800
6807
5361
3324
2197
2032
1453
1915
3366
1613
1252
-1515
-1214
-1099
41
699
2014
796
923
2340
3932
5090
5153
5032
7729
8562
8544
8843
7351
7672
7389
7299
7955
7439
8833
6708
4961
2034
1513
1445
1127
1450
1701
3399
5384
5519
5994
4663
3417
1859
2144
3269
4256
7616
8812
8799
7421
5479
2619
234
-1410
-31
3623
6033
8539
8409
7902
5920
2422
66
-4556
-4677
-4489
-3791
-931
2064
4498
4618
2351
-609
-215
1797
3836
3510
3353
3917
4854
4182
3954
4912
2795
1291
-148
-41
-16
-946
-2038
-2260
-3743
-1309
1022
1536
1551
703
-1482
